4294967278,19
4294967278,18
4294967278,17
4294967278,16
4294967278,15
4294967278,14
4294967278,13
4294967278,12
4294967278,11
4294967278,10
4294967278,9
4294967278,8
4294967278,7
4294967278,6
4294967278,5
4294967278,4
4294967279,132
4294967279,131
4294967279,130
4294967279,129
4294967279,128
4294967279,127
4294967279,126
4294967279,125
4294967279,124
4294967279,123
4294967279,122
4294967279,121
4294967279,120
4294967279,119
4294967279,118
4294967279,117
4294967279,116
4294967279,115
4294967279,114
4294967279,113
4294967279,112
4294967279,111
4294967279,110
4294967279,109
4294967279,108
4294967279,107
4294967279,106
4294967279,105
4294967279,104
4294967279,103
4294967278,202
4294967278,201
4294967278,196
4294967294,1416
4294967294,471
4294967294,50
4294967294,180
4294967294,470
4294967278,192
4294967294,189
4294967294,384
4294967294,190
4294967294,30
4294967294,164
4294967294,163
4294967294,165
4294967294,113
4294967294,167
4294967294,177
4294967294,175
4294967294,183
4294967294,176
4294967294,22
4294967294,444
4294967294,18
4294967294,127
4294967294,14
4294967294,126
4294967294,20
4294967294,13
4294967294,166
4294967294,24
4294967294,12
4294967294,104
4294967294,106
4294967294,160
4294967294,119
4294967294,168
4294967294,162
4294967294,81
4294967294,68
4294967294,11
4294967278,132
4294967278,131
4294967278,125
4294967278,122
4294967278,120
4294967278,119
4294967278,117
4294967278,116
4294967278,111
4294967278,109
4294967278,108
4294967278,107
4294967278,106
4294967278,104
4294967278,103
4294967278,102
4294967278,101
4294967278,97
4294967278,95
4294967278,94
4294967278,93
4294967278,92
4294967278,91
4294967278,90
4294967278,86
4294967278,84
4294967278,83
4294967278,82
4294967278,81
4294967278,80
4294967278,79
4294967278,77
4294967278,73
4294967278,71
4294967278,70
4294967278,69
4294967278,68
4294967278,67
4294967278,66
4294967278,63
4294967278,61
4294967278,60
4294967278,59
4294967278,58
4294967278,57
4294967278,56
4294967278,55
4294967278,54
4294967278,52
4294967278,45
4294967278,43
4294967278,42
4294967278,41
4294967278,40
4294967278,39
4294967278,295
4294967278,38
4294967278,294
4294967278,37
4294967278,36
4294967278,35
4294967278,34
4294967278,33
4294967278,32
4294967278,31
4294967278,30
4294967278,29
4294967278,28
4294967278,27
4294967278,26
4294967278,137
4294967278,25
4294967278,24
4294967278,23
4294967278,289
4294967278,22
4294967278,21
4294967278,20
4294967278,174
4294967278,88
4294967278,260
4294967279,289
4294967279,31
4294967279,287
4294967279,30
4294967279,28
4294967279,27
4294967279,26
4294967279,25
4294967279,285
4294967279,23
4294967279,21
4294967279,269
4294967279,19
4294967279,18
4294967279,17
4294967279,16
4294967279,15
4294967279,14
4294967279,276
4294967279,13
4294967279,280
4294967279,11
4294967279,9
4294967279,273
4294967279,8
4294967279,274
4294967279,7
4294967279,6
4294967279,5
4294967279,4
4294967278,348
4294967278,0
4294967278,78
4294967279,536
4294967294,1413
4294967294,173
4294967294,1002
4294967294,193
4294967294,421
4294967294,392
4294967279,535
4294967278,347
4294967278,346
4294967278,75
4294967278,74
4294967278,186
4294967278,185
4294967278,345
4294967278,72
4294967278,184
4294967278,183
4294967278,182
32,6
32,5
4294967278,181
32,4
32,3
32,2
32,1
4294967279,534
4294967278,180
4294967278,344
4294967278,65
4294967279,533
4294967278,177
4294967278,343
4294967278,64
4294967279,532
4294967278,176
4294967294,387
4294967278,62
4294967278,175
4294967279,531
4294967278,173
4294967278,171
4294967278,170
4294967279,530
4294967278,169
4294967278,53
4294967278,167
4294967278,166
4294967294,472
4294967278,165
4294967279,529
4294967278,49
4294967278,51
4294967278,163
4294967278,342
4294967278,50
4294967278,161
4294967278,300
29,7
4294967278,341
4294967278,48
4294967278,47
4294967278,299
4294967279,528
4294967278,46
4294967278,298
4294967278,157
4294967278,44
4294967278,156
4294967278,155
4294967278,154
29,6
29,5
29,4
29,3
29,2
29,1
4294967294,150
4294967294,129
4294967279,527
4294967278,340
4294967294,38
4294967294,36
4294967294,41
4294967294,39
4294967294,390
4294967294,120
4294967278,339
4294967294,42
4294967279,142
4294967279,141
4294967279,526
4294967279,29
4294967294,44
4294967294,45
4294967294,107
4294967294,417
4294967294,51
4294967279,272
4294967294,53
4294967279,136
4294967279,24
4294967279,525
4294967279,22
4294967279,284
4294967279,271
4294967294,83
4294967294,82
4294967294,92
4294967294,91
4294967294,88
4294967294,86
4294967294,85
4294967279,20
